number of reverse reads
4424907
5257960
3733183
0
4124365
4754487
5096763
4722259
4030071
3845192
4778808
4450756
4915536
6045767
5556666
3967877
3912247
4324762
4918857
5675280
4859252
4155659
4312446
4125480
5290330
5209353
7786960
4533235
3953737
5043175
5272795
4234747
8590046
5613357
10992611
5757210
8100120
8943063
7903535
4793969
6251233
4810242
6111583
5485254
5421625
5172253
5463415
5731711
10892474
8717591
10471195
10044577
9842967
10346366
10754121
9523163
4544805
4612712
4934430
3827091
3968218
5089404
3320243
4103736
5226560
5708799
5525694
5048802
4973269
3392661
5115327
5701604
5185799
4918663
5076835
6697434
7071579
5141902
4478523
5676907
4411150
4991559
4153286
5340573
4455242
5282194
4928511
4549945
5320758
4612693
7379617
6769449
9600851
5294843
6288724
8563173
6304161
4561920
4367155
5228993
2735418
4959782
5641767
8167817
7749171
5108082
6645585
5099983
6599437
4787456
5891515
6277700
3225500
7363791
2631872
5319092
5511032
9845554
5175372
1568510
5979221
1180273
6287267
5466818
4803405
203998
5135145
6782663
4880819
6263238
8235437
4364594
6412717
6479815
5002757
5164321
6120258
4232156
3742952
5052159
9400351
7866187
1700853
1994381
2326298
7818843
9314347
10110282
1871681
7176324
4965013
6834282
5510166
6645289
0
0
6887526
5564897
6340726
6162704
4750442
4929094
7186810
5294505
5170851
8753036
4537878
4742539
4827836
440503
5640058
4424270
5237353
7335235
5638756
5298165
4985452
4624402
6278161
4492
