number of forward reads
4247547
4649679
3279581
0
3893487
4508686
4920597
4514524
3435445
3534985
4592135
4297838
4741414
5410351
5057723
3823740
3705359
4070060
4417358
5351912
4594185
3891283
3763981
3905368
4880792
4528284
6972689
4277779
3775923
4713969
4787281
3789990
7506728
5064613
10212688
5050456
7759249
8336544
7344105
4424519
5792667
4587378
5618356
5130664
5099485
4666540
4515192
5469095
10370995
8381591
9962945
9548825
9529380
9994032
10263156
8092180
4349297
4406738
4744616
3657571
3718906
4134889
2626916
3698886
4896883
4502712
5182962
4734950
4751222
3272062
4871822
5364624
4963410
4680011
4881527
6071672
6824237
4910098
3758127
5241924
3896853
4709638
3806698
5051809
4186111
5076300
4725236
4417079
5154038
4303906
7138785
6562591
9298887
5187978
6167484
8233968
5910948
4393365
4071552
4754698
2672651
4420234
5092377
7351092
7045613
4874576
6291199
4839142
6320013
4681874
5635900
5880639
3081279
7069118
2594098
4406160
5003748
9318754
4985555
1471130
5216448
891613
5371216
4806566
4545214
194960
4701792
6249914
4676802
5297290
7165877
4195187
6164364
6147926
4822379
5025748
5789924
4064852
3532011
4844182
8774538
6810478
1604782
1922807
2070882
7377345
8788146
9478475
1805609
6325761
4846849
6525301
5341791
6381215
0
0
6537215
5395222
6156170
5576364
4644985
4413467
7006343
5143837
4996354
8440098
4266202
4570643
4645519
435033
5508024
4152571
4870719
5615480
5425432
5146379
4842080
4513787
6070332
4260
